2003,01,01,3,1,ロードサイド1	3078
2003,01,02,4,,ロードサイド1	3432
2003,01,03,5,,ロードサイド1	2020
2003,01,04,6,,ロードサイド1	1492
2003,01,05,7,1,ロードサイド1	1445
2003,01,06,1,,ロードサイド1	1926
2003,01,07,2,,ロードサイド1	1971
2003,01,08,3,,ロードサイド1	757
2003,01,09,4,,ロードサイド1	1014
2003,01,10,5,,ロードサイド1	6395
2003,01,11,6,,ロードサイド1	2750
2003,01,12,7,1,ロードサイド1	2577
2003,01,13,1,1,ロードサイド1	871
2003,01,14,2,,ロードサイド1	4587
2003,01,15,3,,ロードサイド1	2016
2003,01,16,4,,ロードサイド1	3384
2003,01,17,5,,ロードサイド1	3459
2003,01,18,6,,ロードサイド1	2037
2003,01,19,7,1,ロードサイド1	5448
2003,01,20,1,,ロードサイド1	968
2003,01,21,2,,ロードサイド1	2293
2003,01,22,3,,ロードサイド1	1271
2003,01,23,4,,ロードサイド1	1451
2003,01,24,5,,ロードサイド1	2578
2003,01,25,6,,ロードサイド1	3268
2003,01,26,7,1,ロードサイド1	3206
2003,01,27,1,,ロードサイド1	2837
2003,01,28,2,,ロードサイド1	1971
2003,01,29,3,,ロードサイド1	1737
2003,01,30,4,,ロードサイド1	1135
2003,01,31,5,,ロードサイド1	2120
2003,02,01,6,,ロードサイド1	2221
2003,02,02,7,1,ロードサイド1	4610
2003,02,03,1,,ロードサイド1	1265
2003,02,04,2,,ロードサイド1	1423
2003,02,05,3,,ロードサイド1	1500
2003,02,06,4,,ロードサイド1	1475
2003,02,07,5,,ロードサイド1	1306
2003,02,08,6,,ロードサイド1	3724
2003,02,09,7,1,ロードサイド1	1527
2003,02,10,1,,ロードサイド1	3171
2003,02,11,2,1,ロードサイド1	876
2003,02,12,3,,ロードサイド1	1838
2003,02,13,4,,ロードサイド1	2342
2003,02,14,5,,ロードサイド1	2982
2003,02,15,6,,ロードサイド1	4775
2003,02,16,7,1,ロードサイド1	2687
2003,02,17,1,,ロードサイド1	1553
2003,02,18,2,,ロードサイド1	2472
2003,02,19,3,,ロードサイド1	2229
2003,02,20,4,,ロードサイド1	1659
2003,02,21,5,,ロードサイド1	1839
2003,02,22,6,,ロードサイド1	676
2003,02,23,7,1,ロードサイド1	1340
2003,02,24,1,,ロードサイド1	3559
2003,02,25,2,,ロードサイド1	1712
2003,02,26,3,,ロードサイド1	3481
2003,02,27,4,,ロードサイド1	997
2003,02,28,5,,ロードサイド1	1671
