2003,01,01,3,1,オフィス街1	1643
2003,01,02,4,,オフィス街1	1022
2003,01,03,5,,オフィス街1	793
2003,01,04,6,,オフィス街1	2457
2003,01,05,7,1,オフィス街1	1633
2003,01,06,1,,オフィス街1	5181
2003,01,07,2,,オフィス街1	6829
2003,01,08,3,,オフィス街1	5232
2003,01,09,4,,オフィス街1	6381
2003,01,10,5,,オフィス街1	5241
2003,01,11,6,,オフィス街1	4749
2003,01,12,7,1,オフィス街1	2786
2003,01,13,1,1,オフィス街1	2142
2003,01,14,2,,オフィス街1	4831
2003,01,15,3,,オフィス街1	4916
2003,01,16,4,,オフィス街1	7363
2003,01,17,5,,オフィス街1	5103
2003,01,18,6,,オフィス街1	4425
2003,01,19,7,1,オフィス街1	948
2003,01,20,1,,オフィス街1	7005
2003,01,21,2,,オフィス街1	4759
2003,01,22,3,,オフィス街1	6274
2003,01,23,4,,オフィス街1	5842
2003,01,24,5,,オフィス街1	6687
2003,01,25,6,,オフィス街1	4280
2003,01,26,7,1,オフィス街1	2049
2003,01,27,1,,オフィス街1	4923
2003,01,28,2,,オフィス街1	7248
2003,01,29,3,,オフィス街1	5264
2003,01,30,4,,オフィス街1	4146
2003,01,31,5,,オフィス街1	7161
2003,02,01,6,,オフィス街1	1886
2003,02,02,7,1,オフィス街1	1570
2003,02,03,1,,オフィス街1	6220
2003,02,04,2,,オフィス街1	5959
2003,02,05,3,,オフィス街1	9928
2003,02,06,4,,オフィス街1	9482
2003,02,07,5,,オフィス街1	5785
2003,02,08,6,,オフィス街1	2588
2003,02,09,7,1,オフィス街1	2258
2003,02,10,1,,オフィス街1	5053
2003,02,11,2,1,オフィス街1	3655
2003,02,12,3,,オフィス街1	3805
2003,02,13,4,,オフィス街1	5594
2003,02,14,5,,オフィス街1	10191
2003,02,15,6,,オフィス街1	5195
2003,02,16,7,1,オフィス街1	3091
2003,02,17,1,,オフィス街1	4077
2003,02,18,2,,オフィス街1	6095
2003,02,19,3,,オフィス街1	5793
2003,02,20,4,,オフィス街1	6611
2003,02,21,5,,オフィス街1	5152
2003,02,22,6,,オフィス街1	5531
2003,02,23,7,1,オフィス街1	1558
2003,02,24,1,,オフィス街1	2317
2003,02,25,2,,オフィス街1	4883
2003,02,26,3,,オフィス街1	3294
2003,02,27,4,,オフィス街1	7779
2003,02,28,5,,オフィス街1	5483
